# Frames that participants must NOT train on (signed declaration enforces).
006497
006498
006508
006510
006522
006526
006563
006591
006600
006609
006614
006643
006677
006684
006714
006720
006737
006744
006787
006825
006850
006902
006915
006922
006924
006932
006951
006960
006963
006968
007012
007014
007045
007056
007058
007099
007117
007125
007188
007190
007206
007209
007215
007237
007244
007291
007306
007310
007313
007319
007330
007361
007365
007390
007402
007429
007438
007442
007456
007509
007583
007622
007624
007639
007666
007671
007677
007678
007732
007741
007767
007768
007784
007785
007791
007806
007812
007846
007848
007853
007867
007902
007903
007904
007917
007921
007926
007937
007947
007978
007994
008004
008009
008068
008069
008076
008090
008094
008100
008109
